

 OVERLAP MATRIX

                                1            2            3            4
     1    1  C     2s        1.000000     0.000000     0.000000     0.000000
     2    1  C     3py       0.000000     1.000000     0.000000     0.000000
     3    1  C     3pz       0.000000     0.000000     1.000000     0.000000
     4    1  C     3px       0.000000     0.000000     0.000000     1.000000

     5    2  C     2s        0.330301     0.212185    -0.350942    -0.094049
     6    2  C     3py      -0.212185     0.124788     0.221276     0.059300
     7    2  C     3pz       0.350942     0.221276    -0.107404    -0.098078
     8    2  C     3px       0.094049     0.059300    -0.098078     0.232291

     9    3  C     2s        0.062671     0.000000    -0.116445    -0.067234
    10    3  C     3py       0.000000     0.061315     0.000000     0.000000
    11    3  C     3pz       0.116445     0.000000    -0.110740    -0.099342
    12    3  C     3px       0.067234     0.000000    -0.099342     0.003956

    13    4  C     2s        0.007844     0.005554    -0.018373    -0.018373
    14    4  C     3py      -0.005554     0.008476     0.008947     0.008947
    15    4  C     3pz       0.018373     0.008947    -0.018415    -0.029596
    16    4  C     3px       0.018373     0.008947    -0.029596    -0.018415

    17    5  C     2s        0.002450     0.000000    -0.004554    -0.007888
    18    5  C     3py       0.000000     0.003781     0.000000     0.000000
    19    5  C     3pz       0.004554     0.000000    -0.002358    -0.010633
    20    5  C     3px       0.007888     0.000000    -0.010633    -0.014635

    21    6  C     2s        0.001187     0.000632    -0.001046    -0.003903
    22    6  C     3py      -0.000632     0.001368     0.000468     0.001747
    23    6  C     3pz       0.001046     0.000468     0.000877    -0.002890
    24    6  C     3px       0.003903     0.001747    -0.002890    -0.009133

    25    7  C     2s        0.001043     0.000000     0.000000    -0.003503
    26    7  C     3py       0.000000     0.001402     0.000000     0.000000
    27    7  C     3pz       0.000000     0.000000     0.001402     0.000000
    28    7  C     3px       0.003503     0.000000     0.000000    -0.008833

    29    8  C     2s        0.001187     0.000632     0.001046    -0.003903
    30    8  C     3py      -0.000632     0.001368    -0.000468     0.001747
    31    8  C     3pz      -0.001046    -0.000468     0.000877     0.002890
    32    8  C     3px       0.003903     0.001747     0.002890    -0.009133

    33    9  C     2s        0.002450     0.000000     0.004554    -0.007888
    34    9  C     3py       0.000000     0.003781     0.000000     0.000000
    35    9  C     3pz      -0.004554     0.000000    -0.002358     0.010633
    36    9  C     3px       0.007888     0.000000     0.010633    -0.014635

    37   10  C     2s        0.007844     0.005554     0.018373    -0.018373
    38   10  C     3py      -0.005554     0.008476    -0.008947     0.008947
    39   10  C     3pz      -0.018373    -0.008947    -0.018415     0.029596
    40   10  C     3px       0.018373     0.008947     0.029596    -0.018415

    41   11  C     2s        0.062671     0.000000     0.116445    -0.067234
    42   11  C     3py       0.000000     0.061315     0.000000     0.000000
    43   11  C     3pz      -0.116445     0.000000    -0.110740     0.099342
    44   11  C     3px       0.067234     0.000000     0.099342     0.003956

    45   12  C     2s        0.330301     0.212185     0.350942    -0.094049
    46   12  C     3py      -0.212185     0.124788    -0.221276     0.059300
    47   12  C     3pz      -0.350942    -0.221276    -0.107404     0.098078
    48   12  C     3px       0.094049     0.059300     0.098078     0.232291

    49   13  C     2s        0.051135     0.100476    -0.055394    -0.014845
    50   13  C     3py      -0.100476    -0.102113     0.084929     0.022760
    51   13  C     3pz       0.055394     0.084929     0.005116    -0.012548
    52   13  C     3px       0.014845     0.022760    -0.012548     0.048576

    53   14  C     2s        0.004607     0.012870    -0.009219    -0.005323
    54   14  C     3py      -0.012870    -0.017777     0.017736     0.010240
    55   14  C     3pz       0.009219     0.017736    -0.005709    -0.007335
    56   14  C     3px       0.005323     0.010240    -0.007335     0.002759

    57   15  C     2s        0.002968     0.005957    -0.006569    -0.006569
    58   15  C     3py      -0.005957    -0.003881     0.009347     0.009347
    59   15  C     3pz       0.006569     0.009347    -0.005710    -0.010307
    60   15  C     3px       0.006569     0.009347    -0.010307    -0.005710

    61   16  C     2s        0.000762     0.001369    -0.000981    -0.001699
    62   16  C     3py      -0.001369    -0.001394     0.001665     0.002884
    63   16  C     3pz       0.000981     0.001665    -0.000260    -0.002066
    64   16  C     3px       0.001699     0.002884    -0.002066    -0.002646

    65   17  C     2s        0.000718     0.000945    -0.000521    -0.001945
    66   17  C     3py      -0.000945    -0.000332     0.000658     0.002457
    67   17  C     3pz       0.000521     0.000658     0.000500    -0.001355
    68   17  C     3px       0.001945     0.002457    -0.001355    -0.004192

    69   18  C     2s        0.000418     0.000597     0.000000    -0.000989
    70   18  C     3py      -0.000597    -0.000499     0.000000     0.001519
    71   18  C     3pz       0.000000     0.000000     0.000421     0.000000
    72   18  C     3px       0.000989     0.001519     0.000000    -0.002093

    73   19  C     2s        0.000718     0.000945     0.000521    -0.001945
    74   19  C     3py      -0.000945    -0.000332    -0.000658     0.002457
    75   19  C     3pz      -0.000521    -0.000658     0.000500     0.001355
    76   19  C     3px       0.001945     0.002457     0.001355    -0.004192

    77   20  C     2s        0.000762     0.001369     0.000981    -0.001699
    78   20  C     3py      -0.001369    -0.001394    -0.001665     0.002884
    79   20  C     3pz      -0.000981    -0.001665    -0.000260     0.002066
    80   20  C     3px       0.001699     0.002884     0.002066    -0.002646

    81   21  C     2s        0.002968     0.005957     0.006569    -0.006569
    82   21  C     3py      -0.005957    -0.003881    -0.009347     0.009347
    83   21  C     3pz      -0.006569    -0.009347    -0.005710     0.010307
    84   21  C     3px       0.006569     0.009347     0.010307    -0.005710

    85   22  C     2s        0.004607     0.012870     0.009219    -0.005323
    86   22  C     3py      -0.012870    -0.017777    -0.017736     0.010240
    87   22  C     3pz      -0.009219    -0.017736    -0.005709     0.007335
    88   22  C     3px       0.005323     0.010240     0.007335     0.002759

    89   23  C     2s        0.051135     0.100476     0.055394    -0.014845
    90   23  C     3py      -0.100476    -0.102113    -0.084929     0.022760
    91   23  C     3pz      -0.055394    -0.084929     0.005116     0.012548
    92   23  C     3px       0.014845     0.022760     0.012548     0.048576

    93   24  C     2s        0.023601     0.064391     0.000000     0.000000
    94   24  C     3py      -0.064391    -0.100661     0.000000     0.000000
    95   24  C     3pz       0.000000     0.000000     0.027746     0.000000
    96   24  C     3px       0.000000     0.000000     0.000000     0.027746

    97   25  C     2s        0.001856     0.006739     0.000000     0.000000
    98   25  C     3py      -0.006739    -0.016080     0.000000     0.000000
    99   25  C     3pz       0.000000     0.000000     0.002791     0.000000
   100   25  C     3px       0.000000     0.000000     0.000000     0.002791

   101   26  C     2s        0.000657     0.001813    -0.000449    -0.000120
   102   26  C     3py      -0.001813    -0.004800     0.001254     0.000336
   103   26  C     3pz       0.000449     0.001254     0.000445    -0.000082
   104   26  C     3px       0.000120     0.000336    -0.000082     0.000728

   105   27  C     2s        0.000858     0.002391    -0.001152    -0.000665
   106   27  C     3py      -0.002391    -0.005179     0.002961     0.001710
   107   27  C     3pz       0.001152     0.002961    -0.000335    -0.000821
   108   27  C     3px       0.000665     0.001710    -0.000821     0.000612

   109   28  C     2s        0.000247     0.000486    -0.000247    -0.000247
   110   28  C     3py      -0.000486    -0.001075     0.000562     0.000562
   111   28  C     3pz       0.000247     0.000562    -0.000068    -0.000279
   112   28  C     3px       0.000247     0.000562    -0.000279    -0.000068

   113   29  C     2s        0.000265     0.000490    -0.000237    -0.000411
   114   29  C     3py      -0.000490    -0.000824     0.000494     0.000856
   115   29  C     3pz       0.000237     0.000494    -0.000004    -0.000413
   116   29  C     3px       0.000411     0.000856    -0.000413    -0.000481

   117   30  C     2s        0.000099     0.000167    -0.000043    -0.000162
   118   30  C     3py      -0.000167    -0.000316     0.000082     0.000306
   119   30  C     3pz       0.000043     0.000082     0.000052    -0.000078
   120   30  C     3px       0.000162     0.000306    -0.000078    -0.000218

   121   31  C     2s        0.000155     0.000257     0.000000    -0.000289
   122   31  C     3py      -0.000257    -0.000383     0.000000     0.000542
   123   31  C     3pz       0.000000     0.000000     0.000123     0.000000
   124   31  C     3px       0.000289     0.000542     0.000000    -0.000483

   125   32  C     2s        0.000099     0.000167     0.000043    -0.000162
   126   32  C     3py      -0.000167    -0.000316    -0.000082     0.000306
   127   32  C     3pz      -0.000043    -0.000082     0.000052     0.000078
   128   32  C     3px       0.000162     0.000306     0.000078    -0.000218

   129   33  C     2s        0.000265     0.000490     0.000237    -0.000411
   130   33  C     3py      -0.000490    -0.000824    -0.000494     0.000856
   131   33  C     3pz      -0.000237    -0.000494    -0.000004     0.000413
   132   33  C     3px       0.000411     0.000856     0.000413    -0.000481

   133   34  C     2s        0.000247     0.000486     0.000247    -0.000247
   134   34  C     3py      -0.000486    -0.001075    -0.000562     0.000562
   135   34  C     3pz      -0.000247    -0.000562    -0.000068     0.000279
   136   34  C     3px       0.000247     0.000562     0.000279    -0.000068

   137   35  C     2s        0.000858     0.002391     0.001152    -0.000665
   138   35  C     3py      -0.002391    -0.005179    -0.002961     0.001710
   139   35  C     3pz      -0.001152    -0.002961    -0.000335     0.000821
   140   35  C     3px       0.000665     0.001710     0.000821     0.000612

   141   36  C     2s        0.000657     0.001813     0.000449    -0.000120
   142   36  C     3py      -0.001813    -0.004800    -0.001254     0.000336
   143   36  C     3pz      -0.000449    -0.001254     0.000445     0.000082
   144   36  C     3px       0.000120     0.000336     0.000082     0.000728

   145   37  C     2s        0.000253     0.000000    -0.000114    -0.000031
   146   37  C     3py      -0.000000    -0.001523     0.000000     0.000000
   147   37  C     3pz       0.000114     0.000000     0.000136    -0.000016
   148   37  C     3px       0.000031     0.000000    -0.000016     0.000190

   149   38  C     2s        0.000231    -0.000368    -0.000189    -0.000109
   150   38  C     3py       0.000368    -0.001260    -0.000367    -0.000212
   151   38  C     3pz       0.000189    -0.000367     0.000011    -0.000101
   152   38  C     3px       0.000109    -0.000212    -0.000101     0.000128

   153   39  C     2s        0.000103     0.000000    -0.000087    -0.000087
   154   39  C     3py      -0.000000    -0.000505     0.000000     0.000000
   155   39  C     3pz       0.000087     0.000000    -0.000005    -0.000078
   156   39  C     3px       0.000087     0.000000    -0.000078    -0.000005

   157   40  C     2s        0.000082    -0.000109    -0.000060    -0.000104
   158   40  C     3py       0.000109    -0.000340    -0.000091    -0.000158
   159   40  C     3pz       0.000060    -0.000091     0.000011    -0.000082
   160   40  C     3px       0.000104    -0.000158    -0.000082    -0.000084

   161   41  C     2s        0.000044    -0.000000    -0.000018    -0.000067
   162   41  C     3py       0.000000    -0.000190    -0.000000    -0.000000
   163   41  C     3pz       0.000018    -0.000000     0.000022    -0.000028
   164   41  C     3px       0.000067    -0.000000    -0.000028    -0.000073

   165   42  C     2s        0.000049    -0.000063     0.000000    -0.000082
   166   42  C     3py       0.000063    -0.000190     0.000000    -0.000114
   167   42  C     3pz       0.000000     0.000000     0.000034     0.000000
   168   42  C     3px       0.000082    -0.000114     0.000000    -0.000107

   169   43  C     2s        0.000044    -0.000000     0.000018    -0.000067
   170   43  C     3py       0.000000    -0.000190     0.000000    -0.000000
   171   43  C     3pz      -0.000018     0.000000     0.000022     0.000028
   172   43  C     3px       0.000067    -0.000000     0.000028    -0.000073

   173   44  C     2s        0.000082    -0.000109     0.000060    -0.000104
   174   44  C     3py       0.000109    -0.000340     0.000091    -0.000158
   175   44  C     3pz      -0.000060     0.000091     0.000011     0.000082
   176   44  C     3px       0.000104    -0.000158     0.000082    -0.000084

   177   45  C     2s        0.000103     0.000000     0.000087    -0.000087
   178   45  C     3py      -0.000000    -0.000505    -0.000000     0.000000
   179   45  C     3pz      -0.000087    -0.000000    -0.000005     0.000078
   180   45  C     3px       0.000087     0.000000     0.000078    -0.000005

   181   46  C     2s        0.000231    -0.000368     0.000189    -0.000109
   182   46  C     3py       0.000368    -0.001260     0.000367    -0.000212
   183   46  C     3pz      -0.000189     0.000367     0.000011     0.000101
   184   46  C     3px       0.000109    -0.000212     0.000101     0.000128

   185   47  C     2s        0.000253     0.000000     0.000114    -0.000031
   186   47  C     3py      -0.000000    -0.001523    -0.000000     0.000000
   187   47  C     3pz      -0.000114    -0.000000     0.000136     0.000016
   188   47  C     3px       0.000031     0.000000     0.000016     0.000190

   189   48  C     2s        0.000395    -0.000747     0.000000     0.000000
   190   48  C     3py       0.000747    -0.002705     0.000000     0.000000
   191   48  C     3pz       0.000000     0.000000     0.000359     0.000000
   192   48  C     3px       0.000000     0.000000     0.000000     0.000359

   193   49  C     2s        0.001856    -0.006739     0.000000     0.000000
   194   49  C     3py       0.006739    -0.016080     0.000000     0.000000
   195   49  C     3pz       0.000000     0.000000     0.002791     0.000000
   196   49  C     3px       0.000000     0.000000     0.000000     0.002791

   197   50  C     2s        0.004099    -0.014189    -0.004696    -0.001259
   198   50  C     3py       0.014189    -0.027775    -0.011254    -0.003016
   199   50  C     3pz       0.004696    -0.011254     0.002554    -0.000998
   200   50  C     3px       0.001259    -0.003016    -0.000998     0.006010

   201   51  C     2s        0.000858    -0.002391    -0.001152    -0.000665
   202   51  C     3py       0.002391    -0.005179    -0.002961    -0.001710
   203   51  C     3pz       0.001152    -0.002961    -0.000335    -0.000821
   204   51  C     3px       0.000665    -0.001710    -0.000821     0.000612

   205   52  C     2s        0.000857    -0.002012    -0.001334    -0.001334
   206   52  C     3py       0.002012    -0.003266    -0.002872    -0.002872
   207   52  C     3pz       0.001334    -0.002872    -0.000814    -0.001902
   208   52  C     3px       0.001334    -0.002872    -0.001902    -0.000814

   209   53  C     2s        0.000265    -0.000490    -0.000237    -0.000411
   210   53  C     3py       0.000490    -0.000824    -0.000494    -0.000856
   211   53  C     3pz       0.000237    -0.000494    -0.000004    -0.000413
   212   53  C     3px       0.000411    -0.000856    -0.000413    -0.000481

   213   54  C     2s        0.000307    -0.000497    -0.000165    -0.000615
   214   54  C     3py       0.000497    -0.000624    -0.000297    -0.001110
   215   54  C     3pz       0.000165    -0.000297     0.000183    -0.000368
   216   54  C     3px       0.000615    -0.001110    -0.000368    -0.001092

   217   55  C     2s        0.000155    -0.000257     0.000000    -0.000289
   218   55  C     3py       0.000257    -0.000383     0.000000    -0.000542
   219   55  C     3pz       0.000000     0.000000     0.000123     0.000000
   220   55  C     3px       0.000289    -0.000542     0.000000    -0.000483

   221   56  C     2s        0.000307    -0.000497     0.000165    -0.000615
   222   56  C     3py       0.000497    -0.000624     0.000297    -0.001110
   223   56  C     3pz      -0.000165     0.000297     0.000183     0.000368
   224   56  C     3px       0.000615    -0.001110     0.000368    -0.001092

   225   57  C     2s        0.000265    -0.000490     0.000237    -0.000411
   226   57  C     3py       0.000490    -0.000824     0.000494    -0.000856
   227   57  C     3pz      -0.000237     0.000494    -0.000004     0.000413
   228   57  C     3px       0.000411    -0.000856     0.000413    -0.000481

   229   58  C     2s        0.000857    -0.002012     0.001334    -0.001334
   230   58  C     3py       0.002012    -0.003266     0.002872    -0.002872
   231   58  C     3pz      -0.001334     0.002872    -0.000814     0.001902
   232   58  C     3px       0.001334    -0.002872     0.001902    -0.000814

   233   59  C     2s        0.000858    -0.002391     0.001152    -0.000665
   234   59  C     3py       0.002391    -0.005179     0.002961    -0.001710
   235   59  C     3pz      -0.001152     0.002961    -0.000335     0.000821
   236   59  C     3px       0.000665    -0.001710     0.000821     0.000612

   237   60  C     2s        0.004099    -0.014189     0.004696    -0.001259
   238   60  C     3py       0.014189    -0.027775     0.011254    -0.003016
   239   60  C     3pz      -0.004696     0.011254     0.002554     0.000998
   240   60  C     3px       0.001259    -0.003016     0.000998     0.006010

   241   61  C     2s        0.051135    -0.100476    -0.055394    -0.014845
   242   61  C     3py       0.100476    -0.102113    -0.084929    -0.022760
   243   61  C     3pz       0.055394    -0.084929     0.005116    -0.012548
   244   61  C     3px       0.014845    -0.022760    -0.012548     0.048576

   245   62  C     2s        0.028586    -0.038609    -0.055304    -0.031932
   246   62  C     3py       0.038609    -0.006284    -0.055418    -0.031997
   247   62  C     3pz       0.055304    -0.055418    -0.046975    -0.045833
   248   62  C     3px       0.031932    -0.031997    -0.045833     0.005943

   249   63  C     2s        0.002968    -0.005957    -0.006569    -0.006569
   250   63  C     3py       0.005957    -0.003881    -0.009347    -0.009347
   251   63  C     3pz       0.006569    -0.009347    -0.005710    -0.010307
   252   63  C     3px       0.006569    -0.009347    -0.010307    -0.005710

   253   64  C     2s        0.001726    -0.002068    -0.002963    -0.005131
   254   64  C     3py       0.002068     0.000670    -0.002734    -0.004735
   255   64  C     3pz       0.002963    -0.002734    -0.001337    -0.006782
   256   64  C     3px       0.005131    -0.004735    -0.006782    -0.009168

   257   65  C     2s        0.000718    -0.000945    -0.000521    -0.001945
   258   65  C     3py       0.000945    -0.000332    -0.000658    -0.002457
   259   65  C     3pz       0.000521    -0.000658     0.000500    -0.001355
   260   65  C     3px       0.001945    -0.002457    -0.001355    -0.004192

   261   66  C     2s        0.000811    -0.000748     0.000000    -0.002473
   262   66  C     3py       0.000748     0.000373     0.000000    -0.002118
   263   66  C     3pz       0.000000     0.000000     0.001014     0.000000
   264   66  C     3px       0.002473    -0.002118     0.000000    -0.005994

   265   67  C     2s        0.000718    -0.000945     0.000521    -0.001945
   266   67  C     3py       0.000945    -0.000332     0.000658    -0.002457
   267   67  C     3pz      -0.000521     0.000658     0.000500     0.001355
   268   67  C     3px       0.001945    -0.002457     0.001355    -0.004192

   269   68  C     2s        0.001726    -0.002068     0.002963    -0.005131
   270   68  C     3py       0.002068     0.000670     0.002734    -0.004735
   271   68  C     3pz      -0.002963     0.002734    -0.001337     0.006782
   272   68  C     3px       0.005131    -0.004735     0.006782    -0.009168

   273   69  C     2s        0.002968    -0.005957     0.006569    -0.006569
   274   69  C     3py       0.005957    -0.003881     0.009347    -0.009347
   275   69  C     3pz      -0.006569     0.009347    -0.005710     0.010307
   276   69  C     3px       0.006569    -0.009347     0.010307    -0.005710

   277   70  C     2s        0.028586    -0.038609     0.055304    -0.031932
   278   70  C     3py       0.038609    -0.006284     0.055418    -0.031997
   279   70  C     3pz      -0.055304     0.055418    -0.046975     0.045833
   280   70  C     3px       0.031932    -0.031997     0.045833     0.005943

   281   71  C     2s        0.051135    -0.100476     0.055394    -0.014845
   282   71  C     3py       0.100476    -0.102113     0.084929    -0.022760
   283   71  C     3pz      -0.055394     0.084929     0.005116     0.012548
   284   71  C     3px       0.014845    -0.022760     0.012548     0.048576

   285   72  C     2s        0.324376    -0.416297     0.000000     0.000000
   286   72  C     3py       0.416297    -0.268410     0.000000     0.000000
   287   72  C     3pz       0.000000     0.000000     0.254080     0.000000
   288   72  C     3px       0.000000     0.000000     0.000000     0.254080

                                5            6            7            8
     1    1  C     2s        0.330301    -0.212185     0.350942     0.094049
     2    1  C     3py       0.212185     0.124788     0.221276     0.059300
     3    1  C     3pz      -0.350942     0.221276    -0.107404    -0.098078
     4    1  C     3px      -0.094049     0.059300    -0.098078     0.232291

     5    2  C     2s        1.000000     0.000000     0.000000     0.000000
     6    2  C     3py       0.000000     1.000000     0.000000     0.000000
     7    2  C     3pz       0.000000     0.000000     1.000000     0.000000
     8    2  C     3px       0.000000     0.000000     0.000000     1.000000

     9    3  C     2s        0.330274    -0.212167    -0.256901    -0.256901
    10    3  C     3py       0.212167     0.124782    -0.161978    -0.161978
    11    3  C     3pz       0.256901    -0.161978     0.062424    -0.196131
    12    3  C     3px       0.256901    -0.161978    -0.196131     0.062424

    13    4  C     2s        0.062671     0.000000    -0.067234    -0.116445
    14    4  C     3py       0.000000     0.061315     0.000000     0.000000
    15    4  C     3pz       0.067234     0.000000     0.003956    -0.099342
    16    4  C     3px       0.116445     0.000000    -0.099342    -0.110740

    17    5  C     2s        0.007845    -0.005555    -0.006726    -0.025101
    18    5  C     3py       0.005555     0.008477    -0.003275    -0.012223
    19    5  C     3pz       0.006726    -0.003275     0.007216    -0.014800
    20    5  C     3px       0.025101    -0.012223    -0.014800    -0.044050

    21    6  C     2s        0.002450     0.000000     0.000000    -0.009108
    22    6  C     3py       0.000000     0.003781     0.000000     0.000000
    23    6  C     3pz       0.000000     0.000000     0.003781     0.000000
    24    6  C     3px       0.009108     0.000000     0.000000    -0.020774

    25    7  C     2s        0.001187    -0.000632     0.001046    -0.003903
    26    7  C     3py       0.000632     0.001368     0.000468    -0.001747
    27    7  C     3pz      -0.001046     0.000468     0.000877     0.002890
    28    7  C     3px       0.003903    -0.001747     0.002890    -0.009133

    29    8  C     2s        0.001043     0.000000     0.001752    -0.003034
    30    8  C     3py       0.000000     0.001402     0.000000     0.000000
    31    8  C     3pz      -0.001752     0.000000    -0.001157     0.004433
    32    8  C     3px       0.003034     0.000000     0.004433    -0.006275

    33    9  C     2s        0.001187    -0.000632     0.002858    -0.002858
    34    9  C     3py       0.000632     0.001368     0.001279    -0.001279
    35    9  C     3pz      -0.002858     0.001279    -0.004129     0.005780
    36    9  C     3px       0.002858    -0.001279     0.005780    -0.004129

    37   10  C     2s        0.002450     0.000000     0.007888    -0.004554
    38   10  C     3py       0.000000     0.003781     0.000000     0.000000
    39   10  C     3pz      -0.007888     0.000000    -0.014635     0.010633
    40   10  C     3px       0.004554     0.000000     0.010633    -0.002358

    41   11  C     2s        0.007845    -0.005555     0.025101    -0.006726
    42   11  C     3py       0.005555     0.008477     0.012223    -0.003275
    43   11  C     3pz      -0.025101     0.012223    -0.044050     0.014800
    44   11  C     3px       0.006726    -0.003275     0.014800     0.007216

    45   12  C     2s        0.062682     0.000000     0.134480     0.000000
    46   12  C     3py       0.000000     0.061324     0.000000     0.000000
    47   12  C     3pz      -0.134480     0.000000    -0.168113     0.000000
    48   12  C     3px       0.000000     0.000000     0.000000     0.061324

    49   13  C     2s        0.324376     0.416297     0.000000     0.000000
    50   13  C     3py      -0.416297    -0.268410     0.000000     0.000000
    51   13  C     3pz       0.000000     0.000000     0.254080     0.000000
    52   13  C     3px       0.000000     0.000000     0.000000     0.254080

    53   14  C     2s        0.051132     0.100471    -0.040552    -0.040552
    54   14  C     3py      -0.100471    -0.102106     0.062173     0.062173
    55   14  C     3pz       0.040552     0.062173     0.026842    -0.025094
    56   14  C     3px       0.040552     0.062173    -0.025094     0.026842

    57   15  C     2s        0.028586     0.038609    -0.031932    -0.055304
    58   15  C     3py      -0.038609    -0.006284     0.031997     0.055418
    59   15  C     3pz       0.031932     0.031997     0.005943    -0.045833
    60   15  C     3px       0.055304     0.055418    -0.045833    -0.046975

    61   16  C     2s        0.002968     0.005958    -0.002405    -0.008974
    62   16  C     3py      -0.005958    -0.003882     0.003422     0.012770
    63   16  C     3pz       0.002405     0.003422     0.003217    -0.005154
    64   16  C     3px       0.008974     0.012770    -0.005154    -0.014637

    65   17  C     2s        0.001726     0.002068     0.000000    -0.005925
    66   17  C     3py      -0.002068     0.000670     0.000000     0.005467
    67   17  C     3pz       0.000000     0.000000     0.002579     0.000000
    68   17  C     3px       0.005925     0.005467     0.000000    -0.013084

    69   18  C     2s        0.000718     0.000945     0.000521    -0.001945
    70   18  C     3py      -0.000945    -0.000332    -0.000658     0.002457
    71   18  C     3pz      -0.000521    -0.000658     0.000500     0.001355
    72   18  C     3px       0.001945     0.002457     0.001355    -0.004192

    73   19  C     2s        0.000812     0.000748     0.001237    -0.002142
    74   19  C     3py      -0.000748     0.000373    -0.001059     0.001835
    75   19  C     3pz      -0.001237    -0.001059    -0.000738     0.003035
    76   19  C     3px       0.002142     0.001835     0.003035    -0.004243

    77   20  C     2s        0.000718     0.000945     0.001424    -0.001424
    78   20  C     3py      -0.000945    -0.000332    -0.001798     0.001798
    79   20  C     3pz      -0.001424    -0.001798    -0.001846     0.002709
    80   20  C     3px       0.001424     0.001798     0.002709    -0.001846

    81   21  C     2s        0.001726     0.002068     0.005131    -0.002963
    82   21  C     3py      -0.002068     0.000670    -0.004735     0.002734
    83   21  C     3pz      -0.005131    -0.004735    -0.009168     0.006782
    84   21  C     3px       0.002963     0.002734     0.006782    -0.001337

    85   22  C     2s        0.002968     0.005958     0.008974    -0.002405
    86   22  C     3py      -0.005958    -0.003882    -0.012770     0.003422
    87   22  C     3pz      -0.008974    -0.012770    -0.014637     0.005154
    88   22  C     3px       0.002405     0.003422     0.005154     0.003217

    89   23  C     2s        0.028591     0.038615     0.063868     0.000000
    90   23  C     3py      -0.038615    -0.006286    -0.064000     0.000000
    91   23  C     3pz      -0.063868    -0.064000    -0.073442     0.000000
    92   23  C     3px       0.000000     0.000000     0.000000     0.032410

    93   24  C     2s        0.051135     0.100476     0.055394     0.014845
    94   24  C     3py      -0.100476    -0.102113    -0.084929    -0.022760
    95   24  C     3pz      -0.055394    -0.084929     0.005116    -0.012548
    96   24  C     3px      -0.014845    -0.022760    -0.012548     0.048576

    97   25  C     2s        0.004099     0.014189     0.004696     0.001259
    98   25  C     3py      -0.014189    -0.027775    -0.011254    -0.003016
    99   25  C     3pz      -0.004696    -0.011254     0.002554    -0.000998
   100   25  C     3px      -0.001259    -0.003016    -0.000998     0.006010

   101   26  C     2s        0.001856     0.006739     0.000000     0.000000
   102   26  C     3py      -0.006739    -0.016080     0.000000     0.000000
   103   26  C     3pz       0.000000     0.000000     0.002791     0.000000
   104   26  C     3px       0.000000     0.000000     0.000000     0.002791

   105   27  C     2s        0.004099     0.014189    -0.003438    -0.003438
   106   27  C     3py      -0.014189    -0.027774     0.008239     0.008239
   107   27  C     3pz       0.003438     0.008239     0.004281    -0.001996
   108   27  C     3px       0.003438     0.008239    -0.001996     0.004281

   109   28  C     2s        0.000858     0.002391    -0.000665    -0.001152
   110   28  C     3py      -0.002391    -0.005179     0.001710     0.002961
   111   28  C     3pz       0.000665     0.001710     0.000612    -0.000821
   112   28  C     3px       0.001152     0.002961    -0.000821    -0.000335

   113   29  C     2s        0.000857     0.002012    -0.000488    -0.001822
   114   29  C     3py      -0.002012    -0.003267     0.001051     0.003923
   115   29  C     3pz       0.000488     0.001051     0.000834    -0.000951
   116   29  C     3px       0.001822     0.003923    -0.000951    -0.002462

   117   30  C     2s        0.000265     0.000490     0.000000    -0.000475
   118   30  C     3py      -0.000490    -0.000824     0.000000     0.000989
   119   30  C     3pz       0.000000     0.000000     0.000235     0.000000
   120   30  C     3px       0.000475     0.000989     0.000000    -0.000720

   121   31  C     2s        0.000307     0.000497     0.000165    -0.000615
   122   31  C     3py      -0.000497    -0.000624    -0.000297     0.001110
   123   31  C     3pz      -0.000165    -0.000297     0.000183     0.000368
   124   31  C     3px       0.000615     0.001110     0.000368    -0.001092

   125   32  C     2s        0.000155     0.000257     0.000144    -0.000250
   126   32  C     3py      -0.000257    -0.000383    -0.000271     0.000469
   127   32  C     3pz      -0.000144    -0.000271    -0.000029     0.000262
   128   32  C     3px       0.000250     0.000469     0.000262    -0.000332

   129   33  C     2s        0.000307     0.000497     0.000451    -0.000451
   130   33  C     3py      -0.000497    -0.000624    -0.000813     0.000813
   131   33  C     3pz      -0.000451    -0.000813    -0.000455     0.000737
   132   33  C     3px       0.000451     0.000813     0.000737    -0.000455

   133   34  C     2s        0.000265     0.000490     0.000411    -0.000237
   134   34  C     3py      -0.000490    -0.000824    -0.000856     0.000494
   135   34  C     3pz      -0.000411    -0.000856    -0.000481     0.000413
   136   34  C     3px       0.000237     0.000494     0.000413    -0.000004

   137   35  C     2s        0.000857     0.002012     0.001822    -0.000488
   138   35  C     3py      -0.002012    -0.003267    -0.003923     0.001051
   139   35  C     3pz      -0.001822    -0.003923    -0.002462     0.000951
   140   35  C     3px       0.000488     0.001051     0.000951     0.000834

   141   36  C     2s        0.000858     0.002392     0.001330     0.000000
   142   36  C     3py      -0.002392    -0.005179    -0.003420     0.000000
   143   36  C     3pz      -0.001330    -0.003420    -0.000809     0.000000
   144   36  C     3px       0.000000     0.000000     0.000000     0.001086

   145   37  C     2s        0.000395     0.000747     0.000000     0.000000
   146   37  C     3py      -0.000747    -0.002705     0.000000     0.000000
   147   37  C     3pz       0.000000     0.000000     0.000359     0.000000
   148   37  C     3px       0.000000     0.000000     0.000000     0.000359

   149   38  C     2s        0.000253    -0.000000    -0.000084    -0.000084
   150   38  C     3py       0.000000    -0.001523    -0.000000    -0.000000
   151   38  C     3pz       0.000084    -0.000000     0.000163    -0.000031
   152   38  C     3px       0.000084    -0.000000    -0.000031     0.000163

   153   39  C     2s        0.000231     0.000368    -0.000109    -0.000189
   154   39  C     3py      -0.000368    -0.001260     0.000212     0.000367
   155   39  C     3pz       0.000109     0.000212     0.000128    -0.000101
   156   39  C     3px       0.000189     0.000367    -0.000101     0.000011

   157   40  C     2s        0.000103    -0.000000    -0.000032    -0.000119
   158   40  C     3py       0.000000    -0.000505    -0.000000    -0.000000
   159   40  C     3pz       0.000032    -0.000000     0.000062    -0.000039
   160   40  C     3px       0.000119    -0.000000    -0.000039    -0.000073

   161   41  C     2s        0.000082     0.000109     0.000000    -0.000120
   162   41  C     3py      -0.000109    -0.000340     0.000000     0.000182
   163   41  C     3pz       0.000000     0.000000     0.000058     0.000000
   164   41  C     3px       0.000120     0.000182     0.000000    -0.000131

   165   42  C     2s        0.000044    -0.000000     0.000018    -0.000067
   166   42  C     3py       0.000000    -0.000190     0.000000    -0.000000
   167   42  C     3pz      -0.000018     0.000000     0.000022     0.000028
   168   42  C     3px       0.000067    -0.000000     0.000028    -0.000073

   169   43  C     2s        0.000049     0.000063     0.000041    -0.000071
   170   43  C     3py      -0.000063    -0.000190    -0.000057     0.000099
   171   43  C     3pz      -0.000041    -0.000057    -0.000001     0.000061
   172   43  C     3px       0.000071     0.000099     0.000061    -0.000072

   173   44  C     2s        0.000044    -0.000000     0.000049    -0.000049
   174   44  C     3py       0.000000    -0.000190     0.000000    -0.000000
   175   44  C     3pz      -0.000049     0.000000    -0.000026     0.000055
   176   44  C     3px       0.000049    -0.000000     0.000055    -0.000026

   177   45  C     2s        0.000082     0.000109     0.000104    -0.000060
   178   45  C     3py      -0.000109    -0.000340    -0.000158     0.000091
   179   45  C     3pz      -0.000104    -0.000158    -0.000084     0.000082
   180   45  C     3px       0.000060     0.000091     0.000082     0.000011

   181   46  C     2s        0.000103    -0.000000     0.000119    -0.000032
   182   46  C     3py       0.000000    -0.000505     0.000000    -0.000000
   183   46  C     3pz      -0.000119     0.000000    -0.000073     0.000039
   184   46  C     3px       0.000032    -0.000000     0.000039     0.000062

   185   47  C     2s        0.000231     0.000368     0.000218     0.000000
   186   47  C     3py      -0.000368    -0.001260    -0.000424     0.000000
   187   47  C     3pz      -0.000218    -0.000424    -0.000047     0.000000
   188   47  C     3px       0.000000     0.000000     0.000000     0.000186

   189   48  C     2s        0.000253    -0.000000     0.000114     0.000031
   190   48  C     3py       0.000000    -0.001523     0.000000     0.000000
   191   48  C     3pz      -0.000114     0.000000     0.000136    -0.000016
   192   48  C     3px      -0.000031     0.000000    -0.000016     0.000190

   193   49  C     2s        0.000657    -0.001813     0.000449     0.000120
   194   49  C     3py       0.001813    -0.004800     0.001254     0.000336
   195   49  C     3pz      -0.000449     0.001254     0.000445    -0.000082
   196   49  C     3px      -0.000120     0.000336    -0.000082     0.000728

   197   50  C     2s        0.001856    -0.006739     0.000000     0.000000
   198   50  C     3py       0.006739    -0.016080     0.000000     0.000000
   199   50  C     3pz       0.000000     0.000000     0.002791     0.000000
   200   50  C     3px       0.000000     0.000000     0.000000     0.002791

   201   51  C     2s        0.000657    -0.001813    -0.000329    -0.000329
   202   51  C     3py       0.001813    -0.004800    -0.000918    -0.000918
   203   51  C     3pz       0.000329    -0.000918     0.000586    -0.000163
   204   51  C     3px       0.000329    -0.000918    -0.000163     0.000586

   205   52  C     2s        0.000858    -0.002391    -0.000665    -0.001152
   206   52  C     3py       0.002391    -0.005179    -0.001710    -0.002961
   207   52  C     3pz       0.000665    -0.001710     0.000612    -0.000821
   208   52  C     3px       0.001152    -0.002961    -0.000821    -0.000335

   209   53  C     2s        0.000247    -0.000486    -0.000090    -0.000338
   210   53  C     3py       0.000486    -0.001076    -0.000206    -0.000767
   211   53  C     3pz       0.000090    -0.000206     0.000174    -0.000140
   212   53  C     3px       0.000338    -0.000767    -0.000140    -0.000310

   213   54  C     2s        0.000265    -0.000490     0.000000    -0.000475
   214   54  C     3py       0.000490    -0.000824     0.000000    -0.000989
   215   54  C     3pz       0.000000     0.000000     0.000235     0.000000
   216   54  C     3px       0.000475    -0.000989     0.000000    -0.000720

   217   55  C     2s        0.000099    -0.000167     0.000043    -0.000162
   218   55  C     3py       0.000167    -0.000316     0.000082    -0.000306
   219   55  C     3pz      -0.000043     0.000082     0.000052     0.000078
   220   55  C     3px       0.000162    -0.000306     0.000078    -0.000218

   221   56  C     2s        0.000155    -0.000257     0.000144    -0.000250
   222   56  C     3py       0.000257    -0.000383     0.000271    -0.000469
   223   56  C     3pz      -0.000144     0.000271    -0.000029     0.000262
   224   56  C     3px       0.000250    -0.000469     0.000262    -0.000332

   225   57  C     2s        0.000099    -0.000167     0.000118    -0.000118
   226   57  C     3py       0.000167    -0.000316     0.000224    -0.000224
   227   57  C     3pz      -0.000118     0.000224    -0.000083     0.000156
